1000 1000
-630
-41
925
385
426
-282
701
679
271
-750
-447
282
-488
357
-184
-764
791
938
-37
-232
-146
534
-894
916
85
-876
-782
-790
-812
957
380
144
858
-358
-490
-79
541
502
-284
-483
-283
-864
993
-10
-896
221
644
522
-400
271
965
826
-895
336
38
35
107
530
106
876
-112
562
323
-623
-311
779
-438
690
-883
276
40
57
671
870
-311
375
-423
383
-726
-754
-900
658
131
-611
-140
-14
461
574
46
7
-874
-570
747
-816
-799
727
574
756
-860
482
85
722
-552
961
-769
-427
578
64
-620
775
787
46
-232
821
590
-329
-473
85
-988
23
320
-42
245
905
-129
971
-472
-399
527
591
579
-753
580
-122
-954
818
-393
602
-288
564
607
250
400
68
-172
-50
521
314
715
-381
751
221
224
336
801
775
-603
-615
179
581
232
46
812
691
-945
-440
863
-171
434
383
144
259
530
445
179
853
316
-593
-378
-590
817
-917
-704
-179
216
-276
696
96
606
-998
137
-620
897
-289
232
-651
631
-578
506
-361
-960
-947
-569
931
63
95
5
-237
-653
686
-277
-178
955
406
549
639
-754
968
971
-138
-297
-644
-452
-361
271
5
-270
-544
135
-112
848
762
-837
258
-634
-383
252
313
-526
719
-400
221
666
278
292
-200
-234
689
-221
-153
7
-303
-636
-611
-161
-681
-208
-737
447
-53
157
-457
98
422
-954
788
-274
339
-540
934
-579
652
-477
-721
225
559
-831
-353
-555
-24
-75
106
-618
-113
52
751
-124
-881
-924
93
471
950
-946
-103
-185
-646
-987
-154
-991
911
808
-672
201
730
-621
-23
-861
-348
418
-157
-114
-648
-895
294
733
438
688
-877
734
703
-963
500
-649
-782
-989
-553
-280
-470
-547
533
-243
716
213
580
332
-66
-701
-238
613
-258
-633
-289
-50
-504
-769
996
183
-235
185
367
-925
-84
-790
-364
595
-948
-651
-904
440
642
-499
-355
-556
-331
-335
346
651
306
-537
-408
843
-375
48
-316
-934
-692
147
-983
797
242
-952
-30
478
730
492
-786
268
48
-678
-320
-17
-349
70
508
485
-474
922
-624
-684
978
738
280
790
-339
-597
49
-313
-980
-749
843
967
-779
-889
692
759
347
-969
-332
751
-169
405
-372
-617
-930
-182
-901
306
-614
-775
-133
282
942
-252
-706
417
-431
332
-945
980
-433
-486
842
589
-670
-813
361
-426
774
-860
274
-161
-37
104
192
-391
-83
131
-87
760
-63
253
-872
193
820
-415
-545
-76
-62
-781
-189
-483
-590
-986
734
-563
402
-479
-21
-647
-239
652
-341
504
812
173
-812
-637
401
-512
936
283
500
313
-355
234
-418
-9
67
-920
-427
-936
-745
173
-549
75
558
100
-427
-398
804
-47
-17
903
-875
110
698
-310
-799
382
-252
753
-963
205
30
787
-222
524
-1
-100
-423
-627
344
32
-968
949
-697
-810
-818
197
-826
-326
223
-716
-166
-904
733
501
-460
-122
577
291
781
653
750
-515
951
397
-719
463
71
-237
12
239
-867
-531
4
-341
-751
-635
888
-22
-891
-367
-433
-884
17
407
-93
-90
407
-488
-969
-354
-421
301
164
-517
-547
-329
-824
722
-227
960
761
963
987
-466
-145
-580
838
-754
457
57
691
-547
-705
-892
445
-252
14
-489
291
759
826
-576
-515
-187
-54
70
-450
-620
-817
-548
-817
-640
936
-960
-170
437
-873
395
-938
848
910
-137
509
592
231
-209
-651
-885
463
-270
-565
713
96
147
-132
126
-57
-36
-691
-127
643
772
431
-501
-367
527
-183
-481
-50
-170
-738
-347
816
-252
382
-33
616
766
-214
884
-383
-187
-702
-489
-783
541
-664
-201
640
920
39
-750
-778
331
-1000
280
-780
-30
-159
849
899
988
938
-930
-425
-513
850
380
85
-623
217
-904
913
1
902
348
548
292
616
315
907
-349
681
823
457
11
491
-170
524
38
-683
-824
967
984
109
-359
520
50
45
-384
-795
686
107
-668
998
446
-199
687
-712
-512
658
-779
-673
22
-241
-687
-398
-354
-338
-294
700
-259
-692
521
-379
925
774
50
-859
-264
-469
242
-262
478
138
-479
37
-287
-962
271
-700
-618
747
-490
-129
464
-252
-800
-378
-524
131
-960
116
225
-381
-583
-197
-92
-153
839
-1
120
452
492
-40
-899
-680
299
150
113
-536
315
216
944
-561
473
-273
144
-755
357
-72
205
-848
277
-332
373
43
-918
685
-298
127
432
-748
539
-259
-658
541
669
-59
-636
911
-614
469
-941
59
-880
230
-157
814
990
807
847
502
524
297
-644
-862
-311
707
-822
432
-863
346
-388
679
127
-679
-433
-589
684
108
566
-894
-141
-978
-245
-769
-684
751
582
-310
325
-346
569
681
465
-260
-410
-609
814
-392
-702
468
-861
-425
-387
-711
-232
-689
517
-370
959
-406
670
481
152
-822
-975
469
-185
-333
321
28
-515
660
673
287
-317
-799
-319
528
-346
89
839
874
990
448
-111
968
-950
616
-785
-928
-80
-972
-390
658
508
959
665
-659
-507
-3
237
746
-781
520
-26
-193
499
187
293
-216
81
-363
473
-118
-500
-23
-800
-40
-392
663
229
-275
669
17
240
611
-648
-322
118
883
138
84
428
602
-834
-224
472
-554
230
521
-508
-512
296
-668
924
-646
-119
636
451
587
-530
-486
854
242
-426
576
-37
-769
-692
-20
-639
-11
718
-98
675
834
-550
-162
-900
-826
-113
-571
-864
342
-152
423
92
999
-639
-966
-503
-357
-533
598
-546
-10
-563
-961
-10
636
-538
-14
-27
232
101
297
583
241
960
775
328
418
-496
-542
688
583
699
-568
-825
-210
-520
127
364
-367
760
-349
-10
-353
878
211
546
327
-457
-898
-163
62
166
-802
752
588
-685
-287
-969
-752
47
-900
-338
558
-426
483
-38
-541
648
-476
-938
-511
8
288
580
864
-896
24
-606
127
573
356
185
-984
206
660
471
672
-830
587
547
-296
321
312
-611
951
77
189
-564
-203
-474
236
303
71
-831
723
-896
-337
-602
-712
-827
335
-788
157
-467
895
946
163
383
363
-760
65
-427
440
788
-340
-988
663
-178
402
-591
-891
-442
-532
-319
-93
943
417
-64
376
-642
-678
743
776
-766
-496
13
-172
-469
603
92
717
77
751
434
106
299
-326
389
-929
-740
-426
-289
915
-9
-753
-231
-349
-816
-746
-83
-876
963
753
-643
173
483
-470
-148
-569
-286
-687
-733
388
927
-435
187
-627
-754
191
-695
173
168
993
259
-993
892
-652
356
-561
-932
129
499
-322
177
-620
-613
250
558
-627
-184
953
455
-893
752
-668
-17
-403
900
752
396
766
914
-902
360
596
-301
-162
355
632
726
-217
913
410
65
915
603
338
-602
-500
558
194
24
-255
431
751
-355
40
374
-862
-199
-393
-388
-796
790
295
-942
995
-406
-303
-766
-99
169
661
-70
-955
-685
556
800
799
-906
-47
-549
925
710
251
-200
208
-896
-984
-449
711
-663
673
-307
264
-661
564
-453
881
-736
-655
624
169
327
-807
398
360
711
-566
528
410
-695
-380
703
-575
448
438
-565
289
-831
-342
187
933
-109
619
-49
267
709
-43
242
88
-96
606
626
197
-371
613
-110
638
-662
-909
-770
-472
-925
-89
703
130
868
231
-436
228
-910
-752
-339
-709
-155
918
92
69
-931
892
471
-861
-825
661
274
-872
-47
341
910
-319
450
533
-811
413
-597
268
-868
140
782
363
703
596
-488
815
-293
792
-171
850
349
317
958
-313
-303
-584
203
521
312
-253
299
239
-711
-551
929
-54
733
-29
-258
-240
358
-94
791
-943
-760
170
967
560
956
-143
584
248
-764
-147
315
-325
244
-74
-395
801
-603
125
659
-237
-447
642
280
34
488
-932
460
-243
142
654
-333
469
-748
594
-699
962
-31
-634
-769
819
103
-279
-171
404
-451
593
697
-24
-251
-814
105
147
143
831
-5
237
-338
-311
-892
-763
899
287
-882
684
962
-202
258
972
-682
695
-788
169
-266
-414
87
578
-738
893
-983
-556
743
177
554
-167
-122
231
-184
-106
146
-300
-238
-624
829
-360
653
-304
-856
138
577
-102
311
-878
931
-890
-366
-544
-87
435
-566
571
742
-107
696
592
9
993
333
-462
-629
565
295
98
257
-271
-442
-298
80
691
484
-419
-983
478
151
-770
-353
-495
536
-200
-186
-227
-338
51
-184
-644
-397
-702
-971
-813
-731
153
505
-96
-930
644
-11
-998
320
7
-779
322
-758
-849
-306
507
194
-915
-41
-193
-46
-827
297
348
-625
-967
-127
946
-823
-514
-423
-876
95
663
-341
394
203
736
-325
-226
969
-249
8
-361
256
573
-809
-977
-740
-759
232
-979
331
248
-96
425
896
954
-48
148
558
884
-899
-593
-82
-91
-285
-815
-76
355
-535
-25
-832
-978
636
807
-595
-989
-648
522
-124
-428
-978
520
-911
-868
764
-629
968
-447
790
850
-549
-830
-925
-791
662
865
-857
-542
-520
423
-290
133
-752
-929
-796
-579
-465
104
978
449
149
-725
-517
-502
82
756
-826
985
-176
-156
525
124
459
670
-394
-848
-543
952
206
-123
465
12
472
-176
-534
-549
120
108
-530
-518
-616
-604
648
-931
-643
-499
8
-386
33
-471
-523
-770
-144
507
226
-44
809
474
-219
487
-43
-456
-738
-906
-875
-46
-726
293
515
-427
-951
928
129
-234
-518
6
-625
240
-122
607
-805
317
483
948
615
974
-739
-413
-793
718
-124
-25
-246
602
-608
-783
373
-352
-177
235
327
-620
917
-369
-510
931
998
-25
-960
61
-198
-345
299
65
-19
122
316
773
-793
9
788
260
188
-451
-698
-855
944
73
-10
471
-477
-282
253
692
-181
-794
295
815
-960
196
570
-448
-512
-310
421
-768
-615
-613
-463
227
964
556
671
240
-136
-393
-721
-233
-785
832
-759
-495
-535
238
309
194
-6
507
-860
97
-840
-723
-383
67
253
-820
584
1
-655
742
-146
561
221
486
455
397
258
-268
254
381
65
715
606
946
-586
-553
100
-252
974
156
-713
629
-331
-196
577
-344
605
257
-669
720
-368
-620
-211
-504
-633
657
297
386
-358
-257
-132
-81
413
884
-458
-399
-593
-808
774
-992
254
-48
-608
-419
-748
157
814
739
-968
-348
-153
797
-187
118
910
-193
-899
-834
342
785
927
-942
600
664
-63
-18
685
-309
-412
-277
-439
-664
789
829
-714
-77
-544
331
69
-399
-586
-939
-408
134
-937
-423
439
688
685
282
327
543
-267
178
-504
-283
413
-461
-194
450
144
-270
517
-686
-342
-552
-273
718
395
-734
323
-320
42
48
4
-64
-645
416
955
-515
339
520
792
626
-472
-12
-206
818
60
-568
-313
328
-324
154
-288
-98
-632
-10
275
-785
600
4
-348
885
189
-249
